%YAML:1.0
---
codeid: fractalmarkers
mInfoType: 2
fractal_levels: 3
fractal_external_id: 0
markers:
   - { id:0, bits:[ 1, 0, 1, 1, 0, 0, 0, 1, 1, 1, 1, 0, 1, 1, 0, 0, 1, 0,
       1, 1, 0, 0, 1, 0, 0, 1, 1, 1, 1, 0, 1, 1, 1, 1, 0, 1 ], corners:[
       [ -1., 1., 0. ], [ 1., 1., 0. ], [ 1., -1., 0. ], [ -1., -1., 0. ] ],
       submarkers_id:[ 1 ] }
   - { id:1, bits:[ 0, 1, 0, 1, 1, 1, 0, 1, 1, 1, 1, 0, 1, 1, 0, 0, 1, 0,
       1, 1, 0, 0, 1, 1, 1, 1, 1, 1, 1, 0, 0, 1, 0, 0, 0, 1 ], corners:[
       [ -2.5000000000000000e-01, 2.5000000000000000e-01, 0. ], [
       2.5000000000000000e-01, 2.5000000000000000e-01, 0. ], [
       2.5000000000000000e-01, -2.5000000000000000e-01, 0. ], [
       -2.5000000000000000e-01, -2.5000000000000000e-01, 0. ] ],
       submarkers_id:[ 2 ] }
   - { id:2, bits:[ 0, 0, 1, 1, 0, 1, 0, 1, 1, 1, 1, 0, 0, 0, 0, 1 ],
       corners:[ [ -6.2500000000000000e-02, 6.2500000000000000e-02, 0. ],
       [ 6.2500000000000000e-02, 6.2500000000000000e-02, 0. ], [
       6.2500000000000000e-02, -6.2500000000000000e-02, 0. ], [
       -6.2500000000000000e-02, -6.2500000000000000e-02, 0. ] ],
       submarkers_id:[] }
